log_level: 1
number_of_links: 6
acc_scale_factor: 1.0 #0.01~1.0
motor_torque:
    - 8.36 #750w
    - 6.68 #600w
    - 4.46 #400w
    - 2.24 #200w
    - 1.11 #100w
    - 1.11 #100w
gear_ratio:
    - 81.0
    - 101.0
    - 81.0
    - 60.0
    - 66.6666667
    - 44.6428571
max_torque:
    - 677.16
    - 674.68
    - 361.26
    - 134.4
    - 74.0
    - 49.55
m_load: 0.0
lcx_load: 0.0
lcy_load: 0.0
lcz_load: 0.0
Ixx_load: 0.0
Iyy_load: 0.0
Izz_load: 0.0
Ixy_load: 0.0
Ixz_load: 0.0
Iyz_load: 0.0
link_0:
    XXR: 0.0
    XY: 0.0
    XYR: 0.0
    XZ: 0.0
    XZR: 0.0
    YZ: 0.0
    ZZ: 0.0
    ZZR: 3.320727295
    MX: 0.0
    MXR: 0.0
    MY: 0.0
    MYR: 0.0
    Im: 0.0
    FS: 14.79450683
    FV: 17.78222012
link_1:
    XXR: 2.658102503
    XY:  1.854612026
    XYR: 0.0
    XZ: 0.0
    XZR: -0.24932614
    YZ: -0.061622747
    ZZ: 0.0
    ZZR: 5.939057438
    MX: 0.0
    MXR: -0.724272332
    MY: 5.9944054
    MYR: 0.0
    Im: 0.0
    FS: 29.98820902
    FV: 38.94616922
link_2:
    XXR: 1.446774155
    XY: 0.0
    XYR: -0.993953834
    XZ: -0.355581966
    XZR: 0.0
    YZ: -0.320917335
    ZZ: 0.0
    ZZR: 1.954393173
    MX: 0.0
    MXR: 1.714437549
    MY: 0.0
    MYR: 0.337918891
    Im: 0.105230097
    FS: 12.8652928
    FV: 12.35356111
link_3:
    XXR: -0.413589582
    XY: 0.455244923
    XYR: 0.0
    XZ: -0.582662363
    XZR: 0.0
    YZ: 0.389509753
    ZZ: 0.0
    ZZR: 0.259717451
    MX: 0.011125842
    MXR: 0.0
    MY: 0.0
    MYR: -0.081472459
    Im: 0.282051724
    FS: 5.829561128
    FV: 5.486205101
link_4:
    XXR: 0.216809113
    XY: 0.008310891
    XYR: 0.0
    XZ: -0.001924037
    XZR: 0.0
    YZ: 0.173041357
    ZZ: 0.0
    ZZR: 0.028153892
    MX: 0.043630645
    MXR: 0.0
    MY: 0.0
    MYR: 0.01940657
    Im: 0.105534988
    FS: 3.980757755
    FV: 4.827112365
link_5:
    XXR: -0.054301824
    XY: -0.032997588
    XYR: 0.0
    XZ: 0.108609808
    XZR: 0.0
    YZ: -0.097720688
    ZZ: 0.179373518
    ZZR: 0.0
    MX: 0.000703083
    MXR: 0.0
    MY: 0.069142555
    MYR: 0.0
    Im: -0.080923337
    FS: 3.372754508
    FV: 2.277816531
#END
